function data()
return {
	times = { 0, 41.667, 83.333, 125, 166.667, 208.333, 250, 291.667, 333.333, 375, 416.667, 458.333, 500, 541.667, 583.333, 625, 666.667, 708.333, 750, 791.667, 833.333, 875, 916.667, 958.333, 1000, 1041.667, 1083.333, 1125, 1166.667, 1208.333, 1250, 1291.667, 1333.333, 1375, 1416.667, 1458.333, 1500, 1541.667, 1583.333, 1625, 1666.667, 1708.333, 1750, 1791.667, 1833.333, 1875, 1916.667, 1958.333, 2000, 2041.667, 2083.333, 2125, 2166.667, 2208.333, 2250, 2291.667, 2333.333, 2375, 2416.667, 2458.333, 2500, 2541.667, 2583.333, 2625, 2666.667, 2708.333, 2750, 2791.667, 2833.333, 2875, 2916.667, 2958.333, 3000, 3041.667, 3083.333, 3125, 3166.667, 3208.333, 3250, 3291.667, 3333.333, 3375, 3416.667, 3458.333, 3500, 3541.667, 3583.333, 3625, 3666.667, 3708.333, 3750, 3791.667, 3833.333, 3875, 3916.667, 3958.333, 4000, 4041.667, 4083.333, 4125, 4166.667, },
	transfs = {
		{ 1, 0, 0, 0, 0, 1, 0, 0, 0, 0, 1, 0, 0, 0, 0, 1, },
		{ 0.99800193309784, 0, -0.063183546066284, 0, 0, 1, 0, 0, 0.063183546066284, 0, 0.99800193309784, 0, 0, 0, 0, 1, },
		{ 0.99201565980911, 0, -0.12611459195614, 0, 0, 1, 0, 0, 0.12611459195614, 0, 0.99201565980911, 0, 0, 0, 0, 1, },
		{ 0.98206520080566, 0, -0.18854165077209, 0, 0, 1, 0, 0, 0.18854165077209, 0, 0.98206520080566, 0, 0, 0, 0, 1, },
		{ 0.96819019317627, 0, -0.25021529197693, 0, 0, 1, 0, 0, 0.25021529197693, 0, 0.96819019317627, 0, 0, 0, 0, 1, },
		{ 0.9504462480545, 0, -0.31088900566101, 0, 0, 1, 0, 0, 0.31088900566101, 0, 0.9504462480545, 0, 0, 0, 0, 1, },
		{ 0.92890411615372, 0, -0.37032034993172, 0, 0, 1, 0, 0, 0.37032034993172, 0, 0.92890411615372, 0, 0, 0, 0, 1, },
		{ 0.90364980697632, 0, -0.42827197909355, 0, 0, 1, 0, 0, 0.42827197909355, 0, 0.90364980697632, 0, 0, 0, 0, 1, },
		{ 0.87478458881378, 0, -0.48451191186905, 0, 0, 1, 0, 0, 0.48451191186905, 0, 0.87478458881378, 0, 0, 0, 0, 1, },
		{ 0.84242355823517, 0, -0.53881585597992, 0, 0, 1, 0, 0, 0.53881585597992, 0, 0.84242355823517, 0, 0, 0, 0, 1, },
		{ 0.80669605731964, 0, -0.59096652269363, 0, 0, 1, 0, 0, 0.59096652269363, 0, 0.80669605731964, 0, 0, 0, 0, 1, },
		{ 0.76663058996201, 0, -0.64208847284317, 0, 0, 1, 0, 0, 0.64208847284317, 0, 0.76663058996201, 0, 0, 0, 0, 1, },
		{ 0.72333097457886, 0, -0.69050139188766, 0, 0, 1, 0, 0, 0.69050139188766, 0, 0.72333097457886, 0, 0, 0, 0, 1, },
		{ 0.67697995901108, 0, -0.73600143194199, 0, 0, 1, 0, 0, 0.73600143194199, 0, 0.67697995901108, 0, 0, 0, 0, 1, },
		{ 0.62777292728424, 0, -0.77839654684067, 0, 0, 1, 0, 0, 0.77839654684067, 0, 0.62777292728424, 0, 0, 0, 0, 1, },
		{ 0.57591754198074, 0, -0.81750780344009, 0, 0, 1, 0, 0, 0.81750780344009, 0, 0.57591754198074, 0, 0, 0, 0, 1, },
		{ 0.52163249254227, 0, -0.85317027568817, 0, 0, 1, 0, 0, 0.85317027568817, 0, 0.52163249254227, 0, 0, 0, 0, 1, },
		{ 0.46514683961868, 0, -0.88523346185684, 0, 0, 1, 0, 0, 0.88523346185684, 0, 0.46514683961868, 0, 0, 0, 0, 1, },
		{ 0.40669894218445, 0, -0.9135622382164, 0, 0, 1, 0, 0, 0.9135622382164, 0, 0.40669894218445, 0, 0, 0, 0, 1, },
		{ 0.34653529524803, 0, -0.93803685903549, 0, 0, 1, 0, 0, 0.93803685903549, 0, 0.34653529524803, 0, 0, 0, 0, 1, },
		{ 0.2849095761776, 0, -0.95855432748795, 0, 0, 1, 0, 0, 0.95855432748795, 0, 0.2849095761776, 0, 0, 0, 0, 1, },
		{ 0.22541458904743, 0, -0.97426295280457, 0, 0, 1, 0, 0, 0.97426295280457, 0, 0.22541458904743, 0, 0, 0, 0, 1, },
		{ 0.16371546685696, 0, -0.98650753498077, 0, 0, 1, 0, 0, 0.98650753498077, 0, 0.16371546685696, 0, 0, 0, 0, 1, },
		{ 0.10016792267561, 0, -0.99497056007385, 0, 0, 1, 0, 0, 0.99497056007385, 0, 0.10016792267561, 0, 0, 0, 0, 1, },
		{ 0.035166315734386, 0, -0.99938148260117, 0, 0, 1, 0, 0, 0.99938148260117, 0, 0.035166315734386, 0, 0, 0, 0, 1, },
		{ -0.030864728614688, 0, -0.99952352046967, 0, 0, 1, 0, 0, 0.99952352046967, 0, -0.030864728614688, 0, 0, 0, 0, 1, },
		{ -0.097475133836269, 0, -0.99523794651031, 0, 0, 1, 0, 0, 0.99523794651031, 0, -0.097475133836269, 0, 0, 0, 0, 1, },
		{ -0.16419820487499, 0, -0.98642736673355, 0, 0, 1, 0, 0, 0.98642736673355, 0, -0.16419820487499, 0, 0, 0, 0, 1, },
		{ -0.23055875301361, 0, -0.9730584025383, 0, 0, 1, 0, 0, 0.9730584025383, 0, -0.23055875301361, 0, 0, 0, 0, 1, },
		{ -0.29608130455017, 0, -0.95516276359558, 0, 0, 1, 0, 0, 0.95516276359558, 0, -0.29608130455017, 0, 0, 0, 0, 1, },
		{ -0.36029863357544, 0, -0.93283700942993, 0, 0, 1, 0, 0, 0.93283700942993, 0, -0.36029863357544, 0, 0, 0, 0, 1, },
		{ -0.42277908325195, 0, -0.90623271465302, 0, 0, 1, 0, 0, 0.90623271465302, 0, -0.42277908325195, 0, 0, 0, 0, 1, },
		{ -0.48317700624466, 0, -0.87552267313004, 0, 0, 1, 0, 0, 0.87552267313004, 0, -0.48317700624466, 0, 0, 0, 0, 1, },
		{ -0.54118418693542, 0, -0.84090399742126, 0, 0, 1, 0, 0, 0.84090399742126, 0, -0.54118418693542, 0, 0, 0, 0, 1, },
		{ -0.59651333093643, 0, -0.80260318517685, 0, 0, 1, 0, 0, 0.80260318517685, 0, -0.59651333093643, 0, 0, 0, 0, 1, },
		{ -0.64890223741531, 0, -0.7608717083931, 0, 0, 1, 0, 0, 0.7608717083931, 0, -0.64890223741531, 0, 0, 0, 0, 1, },
		{ -0.69811737537384, 0, -0.71598333120346, 0, 0, 1, 0, 0, 0.71598333120346, 0, -0.69811737537384, 0, 0, 0, 0, 1, },
		{ -0.74395269155502, 0, -0.66823220252991, 0, 0, 1, 0, 0, 0.66823220252991, 0, -0.74395269155502, 0, 0, 0, 0, 1, },
		{ -0.78623443841934, 0, -0.61792826652527, 0, 0, 1, 0, 0, 0.61792826652527, 0, -0.78623443841934, 0, 0, 0, 0, 1, },
		{ -0.82482200860977, 0, -0.56539249420166, 0, 0, 1, 0, 0, 0.56539249420166, 0, -0.82482200860977, 0, 0, 0, 0, 1, },
		{ -0.85960608720779, 0, -0.51095730066299, 0, 0, 1, 0, 0, 0.51095730066299, 0, -0.85960608720779, 0, 0, 0, 0, 1, },
		{ -0.89052391052246, 0, -0.45493632555008, 0, 0, 1, 0, 0, 0.45493632555008, 0, -0.89052391052246, 0, 0, 0, 0, 1, },
		{ -0.9175797700882, 0, -0.39755153656006, 0, 0, 1, 0, 0, 0.39755153656006, 0, -0.9175797700882, 0, 0, 0, 0, 1, },
		{ -0.94079011678696, 0, -0.3389895260334, 0, 0, 1, 0, 0, 0.3389895260334, 0, -0.94079011678696, 0, 0, 0, 0, 1, },
		{ -0.96016776561737, 0, -0.27942401170731, 0, 0, 1, 0, 0, 0.27942401170731, 0, -0.96016776561737, 0, 0, 0, 0, 1, },
		{ -0.97572112083435, 0, -0.21901652216911, 0, 0, 1, 0, 0, 0.21901652216911, 0, -0.97572112083435, 0, 0, 0, 0, 1, },
		{ -0.98745161294937, 0, -0.15792149305344, 0, 0, 1, 0, 0, 0.15792149305344, 0, -0.98745161294937, 0, 0, 0, 0, 1, },
		{ -0.99535351991653, 0, -0.096287116408348, 0, 0, 1, 0, 0, 0.096287116408348, 0, -0.99535351991653, 0, 0, 0, 0, 1, },
		{ -0.99941295385361, 0, -0.034259118139744, 0, 0, 1, 0, 0, 0.034259118139744, 0, -0.99941295385361, 0, 0, 0, 0, 1, },
		{ -0.99960744380951, 0, 0.028018111363053, 0, 0, 1, 0, 0, -0.028018111363053, 0, -0.99960744380951, 0, 0, 0, 0, 1, },
		{ -0.99590587615967, 0, 0.090396471321583, 0, 0, 1, 0, 0, -0.090396471321583, 0, -0.99590587615967, 0, 0, 0, 0, 1, },
		{ -0.98827368021011, 0, 0.15269295871258, 0, 0, 1, 0, 0, -0.15269295871258, 0, -0.98827368021011, 0, 0, 0, 0, 1, },
		{ -0.97670257091522, 0, 0.21459762752056, 0, 0, 1, 0, 0, -0.21459762752056, 0, -0.97670257091522, 0, 0, 0, 0, 1, },
		{ -0.96122324466705, 0, 0.27577123045921, 0, 0, 1, 0, 0, -0.27577123045921, 0, -0.96122324466705, 0, 0, 0, 0, 1, },
		{ -0.94190502166748, 0, 0.33587935566902, 0, 0, 1, 0, 0, -0.33587935566902, 0, -0.94190502166748, 0, 0, 0, 0, 1, },
		{ -0.91885375976562, 0, 0.39459824562073, 0, 0, 1, 0, 0, -0.39459824562073, 0, -0.91885375976562, 0, 0, 0, 0, 1, },
		{ -0.89221227169037, 0, 0.45161619782448, 0, 0, 1, 0, 0, -0.45161619782448, 0, -0.89221227169037, 0, 0, 0, 0, 1, },
		{ -0.86215597391129, 0, 0.50664293766022, 0, 0, 1, 0, 0, -0.50664293766022, 0, -0.86215597391129, 0, 0, 0, 0, 1, },
		{ -0.82889270782471, 0, 0.55940747261047, 0, 0, 1, 0, 0, -0.55940747261047, 0, -0.82889270782471, 0, 0, 0, 0, 1, },
		{ -0.7926584482193, 0, 0.60966593027115, 0, 0, 1, 0, 0, -0.60966593027115, 0, -0.7926584482193, 0, 0, 0, 0, 1, },
		{ -0.75371420383453, 0, 0.65720230340958, 0, 0, 1, 0, 0, -0.65720230340958, 0, -0.75371420383453, 0, 0, 0, 0, 1, },
		{ -0.71231895685196, 0, 0.70185589790344, 0, 0, 1, 0, 0, -0.70185589790344, 0, -0.71231895685196, 0, 0, 0, 0, 1, },
		{ -0.66864436864853, 0, 0.74358230829239, 0, 0, 1, 0, 0, -0.74358230829239, 0, -0.66864436864853, 0, 0, 0, 0, 1, },
		{ -0.62282657623291, 0, 0.78235983848572, 0, 0, 1, 0, 0, -0.78235983848572, 0, -0.62282657623291, 0, 0, 0, 0, 1, },
		{ -0.5749848484993, 0, 0.81816399097443, 0, 0, 1, 0, 0, -0.81816399097443, 0, -0.5749848484993, 0, 0, 0, 0, 1, },
		{ -0.52522575855255, 0, 0.8509629368782, 0, 0, 1, 0, 0, -0.8509629368782, 0, -0.52522575855255, 0, 0, 0, 0, 1, },
		{ -0.47364592552185, 0, 0.88071525096893, 0, 0, 1, 0, 0, -0.88071525096893, 0, -0.47364592552185, 0, 0, 0, 0, 1, },
		{ -0.42033410072327, 0, 0.90736943483353, 0, 0, 1, 0, 0, -0.90736943483353, 0, -0.42033410072327, 0, 0, 0, 0, 1, },
		{ -0.36537253856659, 0, 0.93086129426956, 0, 0, 1, 0, 0, -0.93086129426956, 0, -0.36537253856659, 0, 0, 0, 0, 1, },
		{ -0.30884194374084, 0, 0.95111334323883, 0, 0, 1, 0, 0, -0.95111334323883, 0, -0.30884194374084, 0, 0, 0, 0, 1, },
		{ -0.25082498788834, 0, 0.96803241968155, 0, 0, 1, 0, 0, -0.96803241968155, 0, -0.25082498788834, 0, 0, 0, 0, 1, },
		{ -0.19145727157593, 0, 0.98150092363358, 0, 0, 1, 0, 0, -0.98150092363358, 0, -0.19145727157593, 0, 0, 0, 0, 1, },
		{ -0.13108541071415, 0, 0.99137109518051, 0, 0, 1, 0, 0, -0.99137109518051, 0, -0.13108541071415, 0, 0, 0, 0, 1, },
		{ -0.070127338171005, 0, 0.99753803014755, 0, 0, 1, 0, 0, -0.99753803014755, 0, -0.070127338171005, 0, 0, 0, 0, 1, },
		{ -0.0090082855895162, 0, 0.99995934963226, 0, 0, 1, 0, 0, -0.99995934963226, 0, -0.0090082855895162, 0, 0, 0, 0, 1, },
		{ 0.051842343062162, 0, 0.99865525960922, 0, 0, 1, 0, 0, -0.99865525960922, 0, 0.051842343062162, 0, 0, 0, 0, 1, },
		{ 0.11200393736362, 0, 0.99370777606964, 0, 0, 1, 0, 0, -0.99370777606964, 0, 0.11200393736362, 0, 0, 0, 0, 1, },
		{ 0.17106737196445, 0, 0.98525935411453, 0, 0, 1, 0, 0, -0.98525935411453, 0, 0.17106737196445, 0, 0, 0, 0, 1, },
		{ 0.22864665091038, 0, 0.97350943088531, 0, 0, 1, 0, 0, -0.97350943088531, 0, 0.22864665091038, 0, 0, 0, 0, 1, },
		{ 0.28438252210617, 0, 0.95871090888977, 0, 0, 1, 0, 0, -0.95871090888977, 0, 0.28438252210617, 0, 0, 0, 0, 1, },
		{ 0.33795231580734, 0, 0.94116318225861, 0, 0, 1, 0, 0, -0.94116318225861, 0, 0.33795231580734, 0, 0, 0, 0, 1, },
		{ 0.38921463489532, 0, 0.921147108078, 0, 0, 1, 0, 0, -0.921147108078, 0, 0.38921463489532, 0, 0, 0, 0, 1, },
		{ 0.43862438201904, 0, 0.89867049455643, 0, 0, 1, 0, 0, -0.89867049455643, 0, 0.43862438201904, 0, 0, 0, 0, 1, },
		{ 0.48673939704895, 0, 0.87354725599289, 0, 0, 1, 0, 0, -0.87354725599289, 0, 0.48673939704895, 0, 0, 0, 0, 1, },
		{ 0.53404915332794, 0, 0.84545344114304, 0, 0, 1, 0, 0, -0.84545344114304, 0, 0.53404915332794, 0, 0, 0, 0, 1, },
		{ 0.58095574378967, 0, 0.8139351606369, 0, 0, 1, 0, 0, -0.8139351606369, 0, 0.58095574378967, 0, 0, 0, 0, 1, },
		{ 0.62775027751923, 0, 0.77841478586197, 0, 0, 1, 0, 0, -0.77841478586197, 0, 0.62775027751923, 0, 0, 0, 0, 1, },
		{ 0.674585044384, 0, 0.73819714784622, 0, 0, 1, 0, 0, -0.73819714784622, 0, 0.674585044384, 0, 0, 0, 0, 1, },
		{ 0.7214372754097, 0, 0.6924797296524, 0, 0, 1, 0, 0, -0.6924797296524, 0, 0.7214372754097, 0, 0, 0, 0, 1, },
		{ 0.7680738568306, 0, 0.64036118984222, 0, 0, 1, 0, 0, -0.64036118984222, 0, 0.7680738568306, 0, 0, 0, 0, 1, },
		{ 0.81399947404861, 0, 0.58086556196213, 0, 0, 1, 0, 0, -0.58086556196213, 0, 0.81399947404861, 0, 0, 0, 0, 1, },
		{ 0.84841501712799, 0, 0.52933150529861, 0, 0, 1, 0, 0, -0.52933150529861, 0, 0.84841501712799, 0, 0, 0, 0, 1, },
		{ 0.87957262992859, 0, 0.47576463222504, 0, 0, 1, 0, 0, -0.47576463222504, 0, 0.87957262992859, 0, 0, 0, 0, 1, },
		{ 0.9073520898819, 0, 0.42037129402161, 0, 0, 1, 0, 0, -0.42037129402161, 0, 0.9073520898819, 0, 0, 0, 0, 1, },
		{ 0.93164759874344, 0, 0.36336317658424, 0, 0, 1, 0, 0, -0.36336317658424, 0, 0.93164759874344, 0, 0, 0, 0, 1, },
		{ 0.95236527919769, 0, 0.30495965480804, 0, 0, 1, 0, 0, -0.30495965480804, 0, 0.95236527919769, 0, 0, 0, 0, 1, },
		{ 0.96942579746246, 0, 0.24538452923298, 0, 0, 1, 0, 0, -0.24538452923298, 0, 0.96942579746246, 0, 0, 0, 0, 1, },
		{ 0.98276340961456, 0, 0.18486756086349, 0, 0, 1, 0, 0, -0.18486756086349, 0, 0.98276340961456, 0, 0, 0, 0, 1, },
		{ 0.99232697486877, 0, 0.12364122271538, 0, 0, 1, 0, 0, -0.12364122271538, 0, 0.99232697486877, 0, 0, 0, 0, 1, },
		{ 0.99807989597321, 0, 0.061939541250467, 0, 0, 1, 0, 0, -0.061939541250467, 0, 0.99807989597321, 0, 0, 0, 0, 1, },
		{ 1, 0, 2.4492937051703e-16, 0, 0, 1, 0, 0, -2.4492937051703e-16, 0, 1, 0, 0, 0, 0, 1, },
	},
}
end
