function data()
return {
	times = { 0, 41.667, 83.333, 125, 166.667, 208.333, 250, 291.667, 333.333, 375, 416.667, 458.333, 500, 541.667, 583.333, 625, 666.667, 708.333, 750, 791.667, 833.333, 875, 916.667, 958.333, 1000, 1041.667, 1083.333, 1125, 1166.667, 1208.333, 1250, 1291.667, 1333.333, 1375, 1416.667, 1458.333, 1500, 1541.667, 1583.333, 1625, 1666.667, 1708.333, 1750, 1791.667, 1833.333, 1875, 1916.667, 1958.333, 2000, 2041.667, 2083.333, 2125, 2166.667, 2208.333, 2250, 2291.667, 2333.333, 2375, 2416.667, 2458.333, 2500, 2541.667, 2583.333, 2625, 2666.667, 2708.333, 2750, 2791.667, 2833.333, 2875, 2916.667, 2958.333, 3000, 3041.667, 3083.333, 3125, 3166.667, 3208.333, 3250, 3291.667, 3333.333, 3375, 3416.667, 3458.333, 3500, 3541.667, 3583.333, 3625, 3666.667, 3708.333, 3750, 3791.667, 3833.333, 3875, 3916.667, 3958.333, 4000, 4041.667, 4083.333, 4125, 4166.667, },
	transfs = {
		{ 1, 0, 0, 0, 0, 1, 0, 0, 0, 0, 1, 0, 0, 0, 0, 1, },
		{ 1, 0, 0, 0, 0, 0.99802666902542, 0.063418447971344, 0, 0, -0.06216886267066, 0.99802666902542, 0, 0, 0, 0, 1, },
		{ 1, 0, 0, 0, 0, 0.99211466312408, 0.12658655643463, 0, 0, -0.12409229576588, 0.99211466312408, 0, 0, 0, 0, 1, },
		{ 1, 0, 0, 0, 0, 0.98228722810745, 0.18925519287586, 0, 0, -0.18552613258362, 0.98228722810745, 0, 0, 0, 0, 1, },
		{ 1, 0, 0, 0, 0, 0.96858310699463, 0.25117689371109, 0, 0, -0.24622769653797, 0.96858310699463, 0, 0, 0, 0, 1, },
		{ 1, 0, 0, 0, 0, 0.95105648040771, 0.31210726499557, 0, 0, -0.30595749616623, 0.95105648040771, 0, 0, 0, 0, 1, },
		{ 1, 0, 0, 0, 0, 0.92977637052536, 0.37180578708649, 0, 0, -0.36447975039482, 0.92977648973465, 0, 0, 0, 0, 1, },
		{ 1, 0, 0, 0, 0, 0.90482699871063, 0.43003708124161, 0, 0, -0.42156371474266, 0.90482699871063, 0, 0, 0, 0, 1, },
		{ 1, 0, 0, 0, 0, 0.87630653381348, 0.48657125234604, 0, 0, -0.47698387503624, 0.87630665302277, 0, 0, 0, 0, 1, },
		{ 1, 0, 0, 0, 0, 0.84432792663574, 0.54118502140045, 0, 0, -0.53052145242691, 0.84432792663574, 0, 0, 0, 0, 1, },
		{ 1, 0, 0, 0, 0, 0.80901682376862, 0.59366321563721, 0, 0, -0.58196574449539, 0.80901682376862, 0, 0, 0, 0, 1, },
		{ 1, 0, 0, 0, 0, 0.77051305770874, 0.64379841089249, 0, 0, -0.63111305236816, 0.77051311731339, 0, 0, 0, 0, 1, },
		{ 1, 0, 0, 0, 0, 0.728968501091, 0.69139266014099, 0, 0, -0.67776942253113, 0.728968501091, 0, 0, 0, 0, 1, },
		{ 1, 0, 0, 0, 0, 0.6845468878746, 0.73625838756561, 0, 0, -0.72175121307373, 0.6845468878746, 0, 0, 0, 0, 1, },
		{ 1, 0, 0, 0, 0, 0.63742387294769, 0.77821844816208, 0, 0, -0.76288443803787, 0.63742387294769, 0, 0, 0, 0, 1, },
		{ 1, 0, 0, 0, 0, 0.58778512477875, 0.81710720062256, 0, 0, -0.80100697278976, 0.58778512477875, 0, 0, 0, 0, 1, },
		{ 1, 0, 0, 0, 0, 0.53582662343979, 0.85277128219604, 0, 0, -0.83596837520599, 0.53582662343979, 0, 0, 0, 0, 1, },
		{ 1, 0, 0, 0, 0, 0.48175346851349, 0.88506984710693, 0, 0, -0.86763042211533, 0.48175346851349, 0, 0, 0, 0, 1, },
		{ 1, 0, 0, 0, 0, 0.42577907443047, 0.91387534141541, 0, 0, -0.89586842060089, 0.42577913403511, 0, 0, 0, 0, 1, },
		{ 1, 0, 0, 0, 0, 0.3681243956089, 0.93907427787781, 0, 0, -0.92057085037231, 0.3681243956089, 0, 0, 0, 0, 1, },
		{ 1, 0, 0, 0, 0, 0.30901685357094, 0.96056711673737, 0, 0, -0.9416401386261, 0.30901685357094, 0, 0, 0, 0, 1, },
		{ 1, 0, 0, 0, 0, 0.24868962168694, 0.97826904058456, 0, 0, -0.95899331569672, 0.24868965148926, 0, 0, 0, 0, 1, },
		{ 1, 0, 0, 0, 0, 0.18738137185574, 0.99211007356644, 0, 0, -0.97256153821945, 0.18738137185574, 0, 0, 0, 0, 1, },
		{ 1, 0, 0, 0, 0, 0.12533317506313, 1.0020358562469, 0, 0, -0.9822918176651, 0.12533317506313, 0, 0, 0, 0, 1, },
		{ 1, 0, 0, 0, 0, 0.062790222465992, 1.0080070495605, 0, 0, -0.98814529180527, 0.062790229916573, 0, 0, 0, 0, 1, },
		{ 1, 0, 0, 0, 0, -2.6631610694494e-07, 1.0099999904633, 0, 0, -0.99009901285172, -2.6631610694494e-07, 0, 0, 0, 0, 1, },
		{ 1, 0, 0, 0, 0, -0.062790624797344, 1.0080069303513, 0, 0, -0.98814529180527, -0.062790624797344, 0, 0, 0, 0, 1, },
		{ 1, 0, 0, 0, 0, -0.12533344328403, 1.0020358562469, 0, 0, -0.98229169845581, -0.12533344328403, 0, 0, 0, 0, 1, },
		{ 1, 0, 0, 0, 0, -0.18738149106503, 0.99211007356644, 0, 0, -0.97256153821945, -0.18738149106503, 0, 0, 0, 0, 1, },
		{ 1, 0, 0, 0, 0, -0.24868978559971, 0.97826898097992, 0, 0, -0.95899319648743, -0.24868978559971, 0, 0, 0, 0, 1, },
		{ 1, 0, 0, 0, 0, -0.30901750922203, 0.96056687831879, 0, 0, -0.94163995981216, -0.30901750922203, 0, 0, 0, 0, 1, },
		{ 1, 0, 0, 0, 0, -0.36812490224838, 0.93907403945923, 0, 0, -0.92057061195374, -0.36812490224838, 0, 0, 0, 0, 1, },
		{ 1, 0, 0, 0, 0, -0.42577907443047, 0.91387534141541, 0, 0, -0.89586842060089, -0.42577913403511, 0, 0, 0, 0, 1, },
		{ 1, 0, 0, 0, 0, -0.48175379633904, 0.885069668293, 0, 0, -0.86763024330139, -0.48175379633904, 0, 0, 0, 0, 1, },
		{ 1, 0, 0, 0, 0, -0.53582692146301, 0.85277110338211, 0, 0, -0.83596819639206, -0.53582692146301, 0, 0, 0, 0, 1, },
		{ 1, 0, 0, 0, 0, -0.58778536319733, 0.81710702180862, 0, 0, -0.80100679397583, -0.58778536319733, 0, 0, 0, 0, 1, },
		{ 1, 0, 0, 0, 0, -0.63742429018021, 0.77821815013885, 0, 0, -0.76288414001465, -0.63742429018021, 0, 0, 0, 0, 1, },
		{ 1, 0, 0, 0, 0, -0.68454724550247, 0.73625814914703, 0, 0, -0.72175097465515, -0.68454724550247, 0, 0, 0, 0, 1, },
		{ 1, 0, 0, 0, 0, -0.72896897792816, 0.69139206409454, 0, 0, -0.67776894569397, -0.72896903753281, 0, 0, 0, 0, 1, },
		{ 1, 0, 0, 0, 0, -0.77051329612732, 0.64379811286926, 0, 0, -0.63111275434494, -0.77051335573196, 0, 0, 0, 0, 1, },
		{ 1, 0, 0, 0, 0, -0.80901730060577, 0.5936626791954, 0, 0, -0.58196514844894, -0.80901730060577, 0, 0, 0, 0, 1, },
		{ 1, 0, 0, 0, 0, -0.84432822465897, 0.54118448495865, 0, 0, -0.5305210351944, -0.84432828426361, 0, 0, 0, 0, 1, },
		{ 1, 0, 0, 0, 0, -0.87630677223206, 0.48657101392746, 0, 0, -0.47698366641998, -0.87630677223206, 0, 0, 0, 0, 1, },
		{ 1, 0, 0, 0, 0, -0.90482717752457, 0.43003675341606, 0, 0, -0.42156338691711, -0.90482717752457, 0, 0, 0, 0, 1, },
		{ 1, 0, 0, 0, 0, -0.92977648973465, 0.37180563807487, 0, 0, -0.36447957158089, -0.92977648973465, 0, 0, 0, 0, 1, },
		{ 1, 0, 0, 0, 0, -0.95105665922165, 0.3121066391468, 0, 0, -0.3059569299221, -0.95105665922165, 0, 0, 0, 0, 1, },
		{ 1, 0, 0, 0, 0, -0.96858310699463, 0.25117668509483, 0, 0, -0.24622750282288, -0.96858310699463, 0, 0, 0, 0, 1, },
		{ 1, 0, 0, 0, 0, -0.98228734731674, 0.18925465643406, 0, 0, -0.18552559614182, -0.98228734731674, 0, 0, 0, 0, 1, },
		{ 1, 0, 0, 0, 0, -0.99211466312408, 0.12658624351025, 0, 0, -0.12409200519323, -0.99211466312408, 0, 0, 0, 0, 1, },
		{ 1, 0, 0, 0, 0, -0.99802678823471, 0.063417993485928, 0, 0, -0.062168411910534, -0.99802666902542, 0, 0, 0, 0, 1, },
		{ 1, 0, 0, 0, 0, -1, -5.3795849908056e-07, 0, 0, 5.2735862254849e-07, -1, 0, 0, 0, 0, 1, },
		{ 1, 0, 0, 0, 0, -0.99802666902542, -0.063419058918953, 0, 0, 0.062169454991817, -0.99802666902542, 0, 0, 0, 0, 1, },
		{ 1, 0, 0, 0, 0, -0.99211454391479, -0.12658730149269, 0, 0, 0.12409304082394, -0.99211454391479, 0, 0, 0, 0, 1, },
		{ 1, 0, 0, 0, 0, -0.98228716850281, -0.1892557144165, 0, 0, 0.18552660942078, -0.98228716850281, 0, 0, 0, 0, 1, },
		{ 1, 0, 0, 0, 0, -0.96858292818069, -0.25117745995522, 0, 0, 0.24622827768326, -0.96858292818069, 0, 0, 0, 0, 1, },
		{ 1, 0, 0, 0, 0, -0.95105630159378, -0.31210768222809, 0, 0, 0.30595794320107, -0.95105636119843, 0, 0, 0, 0, 1, },
		{ 1, 0, 0, 0, 0, -0.92977631092072, -0.37180614471436, 0, 0, 0.36448010802269, -0.92977637052536, 0, 0, 0, 0, 1, },
		{ 1, 0, 0, 0, 0, -0.9048268198967, -0.43003749847412, 0, 0, 0.42156410217285, -0.9048268198967, 0, 0, 0, 0, 1, },
		{ 1, 0, 0, 0, 0, -0.87630653381348, -0.48657149076462, 0, 0, 0.47698411345482, -0.87630653381348, 0, 0, 0, 0, 1, },
		{ 1, 0, 0, 0, 0, -0.84432762861252, -0.54118543863297, 0, 0, 0.53052186965942, -0.84432762861252, 0, 0, 0, 0, 1, },
		{ 1, 0, 0, 0, 0, -0.80901670455933, -0.59366351366043, 0, 0, 0.58196598291397, -0.80901670455933, 0, 0, 0, 0, 1, },
		{ 1, 0, 0, 0, 0, -0.77051275968552, -0.64379870891571, 0, 0, 0.63111335039139, -0.77051275968552, 0, 0, 0, 0, 1, },
		{ 1, 0, 0, 0, 0, -0.72896826267242, -0.69139289855957, 0, 0, 0.677769780159, -0.72896832227707, 0, 0, 0, 0, 1, },
		{ 1, 0, 0, 0, 0, -0.6845468878746, -0.7362585067749, 0, 0, 0.72175127267838, -0.6845468878746, 0, 0, 0, 0, 1, },
		{ 1, 0, 0, 0, 0, -0.63742345571518, -0.77821880578995, 0, 0, 0.76288485527039, -0.63742345571518, 0, 0, 0, 0, 1, },
		{ 1, 0, 0, 0, 0, -0.58778500556946, -0.81710731983185, 0, 0, 0.80100697278976, -0.5877850651741, 0, 0, 0, 0, 1, },
		{ 1, 0, 0, 0, 0, -0.53582644462585, -0.85277140140533, 0, 0, 0.83596843481064, -0.5358265042305, 0, 0, 0, 0, 1, },
		{ 1, 0, 0, 0, 0, -0.48175299167633, -0.88507002592087, 0, 0, 0.86763072013855, -0.48175299167633, 0, 0, 0, 0, 1, },
		{ 1, 0, 0, 0, 0, -0.4257789850235, -0.91387546062469, 0, 0, 0.89586842060089, -0.42577901482582, 0, 0, 0, 0, 1, },
		{ 1, 0, 0, 0, 0, -0.36812415719032, -0.93907433748245, 0, 0, 0.92057090997696, -0.36812415719032, 0, 0, 0, 0, 1, },
		{ 1, 0, 0, 0, 0, -0.30901670455933, -0.96056711673737, 0, 0, 0.9416401386261, -0.30901670455933, 0, 0, 0, 0, 1, },
		{ 1, 0, 0, 0, 0, -0.24868902564049, -0.9782692193985, 0, 0, 0.95899349451065, -0.24868899583817, 0, 0, 0, 0, 1, },
		{ 1, 0, 0, 0, 0, -0.18738058209419, -0.99211019277573, 0, 0, 0.97256171703339, -0.18738058209419, 0, 0, 0, 0, 1, },
		{ 1, 0, 0, 0, 0, -0.12533238530159, -1.0020359754562, 0, 0, 0.9822918176651, -0.12533238530159, 0, 0, 0, 0, 1, },
		{ 1, 0, 0, 0, 0, -0.062790095806122, -1.0080070495605, 0, 0, 0.98814529180527, -0.062790095806122, 0, 0, 0, 0, 1, },
		{ 1, 0, 0, 0, 0, -1.83697001418e-16, -1.0099999904633, 0, 0, 0.99009901285172, -1.83697001418e-16, 0, 0, 0, 0, 1, },
		{ 1, 0, 0, 0, 0, 0.062790624797344, -1.0080069303513, 0, 0, 0.98814529180527, 0.062790624797344, 0, 0, 0, 0, 1, },
		{ 1, 0, 0, 0, 0, 0.12533344328403, -1.0020358562469, 0, 0, 0.98229169845581, 0.12533344328403, 0, 0, 0, 0, 1, },
		{ 1, 0, 0, 0, 0, 0.18738162517548, -0.99211007356644, 0, 0, 0.97256153821945, 0.18738162517548, 0, 0, 0, 0, 1, },
		{ 1, 0, 0, 0, 0, 0.24868978559971, -0.97826898097992, 0, 0, 0.95899319648743, 0.24868978559971, 0, 0, 0, 0, 1, },
		{ 1, 0, 0, 0, 0, 0.30901700258255, -0.96056705713272, 0, 0, 0.9416401386261, 0.30901700258255, 0, 0, 0, 0, 1, },
		{ 1, 0, 0, 0, 0, 0.3681246638298, -0.93907415866852, 0, 0, 0.92057073116302, 0.3681246638298, 0, 0, 0, 0, 1, },
		{ 1, 0, 0, 0, 0, 0.42577949166298, -0.91387516260147, 0, 0, 0.89586824178696, 0.42577949166298, 0, 0, 0, 0, 1, },
		{ 1, 0, 0, 0, 0, 0.48175394535065, -0.88506954908371, 0, 0, 0.86763024330139, 0.48175394535065, 0, 0, 0, 0, 1, },
		{ 1, 0, 0, 0, 0, 0.53582715988159, -0.85277098417282, 0, 0, 0.83596801757812, 0.53582715988159, 0, 0, 0, 0, 1, },
		{ 1, 0, 0, 0, 0, 0.58778566122055, -0.81710684299469, 0, 0, 0.8010066151619, 0.58778566122055, 0, 0, 0, 0, 1, },
		{ 1, 0, 0, 0, 0, 0.63742405176163, -0.77821832895279, 0, 0, 0.76288431882858, 0.63742405176163, 0, 0, 0, 0, 1, },
		{ 1, 0, 0, 0, 0, 0.68454724550247, -0.73625814914703, 0, 0, 0.72175097465515, 0.68454724550247, 0, 0, 0, 0, 1, },
		{ 1, 0, 0, 0, 0, 0.72896873950958, -0.69139236211777, 0, 0, 0.67776918411255, 0.72896885871887, 0, 0, 0, 0, 1, },
		{ 1, 0, 0, 0, 0, 0.77051347494125, -0.64379787445068, 0, 0, 0.63111251592636, 0.7705135345459, 0, 0, 0, 0, 1, },
		{ 1, 0, 0, 0, 0, 0.80901730060577, -0.5936626791954, 0, 0, 0.58196514844894, 0.80901730060577, 0, 0, 0, 0, 1, },
		{ 1, 0, 0, 0, 0, 0.84432822465897, -0.54118448495865, 0, 0, 0.5305210351944, 0.84432828426361, 0, 0, 0, 0, 1, },
		{ 1, 0, 0, 0, 0, 0.87630677223206, -0.48657101392746, 0, 0, 0.47698366641998, 0.87630677223206, 0, 0, 0, 0, 1, },
		{ 1, 0, 0, 0, 0, 0.90482693910599, -0.43003726005554, 0, 0, 0.42156386375427, 0.90482693910599, 0, 0, 0, 0, 1, },
		{ 1, 0, 0, 0, 0, 0.92977654933929, -0.3718053996563, 0, 0, 0.36447936296463, 0.92977666854858, 0, 0, 0, 0, 1, },
		{ 1, 0, 0, 0, 0, 0.95105648040771, -0.31210717558861, 0, 0, 0.30595743656158, 0.95105654001236, 0, 0, 0, 0, 1, },
		{ 1, 0, 0, 0, 0, 0.96858328580856, -0.25117614865303, 0, 0, 0.2462269961834, 0.96858328580856, 0, 0, 0, 0, 1, },
		{ 1, 0, 0, 0, 0, 0.98228722810745, -0.1892549097538, 0, 0, 0.18552584946156, 0.98228722810745, 0, 0, 0, 0, 1, },
		{ 1, 0, 0, 0, 0, 0.99211484193802, -0.12658570706844, 0, 0, 0.12409146875143, 0.99211472272873, 0, 0, 0, 0, 1, },
		{ 1, 0, 0, 0, 0, 0.99802666902542, -0.063418529927731, 0, 0, 0.062168937176466, 0.99802666902542, 0, 0, 0, 0, 1, },
		{ 1, 0, 0, 0, 0, 1, -2.4737864569336e-16, 0, 0, 2.4250431518904e-16, 1, 0, 0, 0, 0, 1, },
	},
}
end
